0.000000 0.750000000000000 0.004482017171254 
0.020067 0.957787958480043 0.255670403957537 
0.040134 1.614697380159100 0.947505480299127 
0.060201 2.790007130757794 1.996679649705947 
0.080268 4.338668983172784 3.331005779279632 
0.100334 6.185923618483356 4.887959154318978 
0.120401 8.266400635159894 6.613362468484764 
0.140468 10.522838869665058 8.460209426910852 
0.160535 12.904940849500518 10.387620552115234 
0.180602 15.368356211157179 12.359923549996109 
0.200669 17.873787572168141 14.345849940529499 
0.220736 20.386211595957086 16.317839439660467 
0.240803 22.874207680379303 18.251443675774585 
0.260870 25.309386712174348 20.124821138670203 
0.280936 27.665912559004862 21.918315712493392 
0.301003 29.920109336465057 23.614111673707050 
0.321070 32.050147923512057 25.195958590914127 
0.341137 34.035805653590629 26.648960106038341 
0.361204 35.858293538658529 27.959421075541535 
0.381271 37.500145756840382 29.114747982808900 
0.401338 38.945166426581586 30.103397881268968 
0.421405 40.178428882390946 30.914871379950881 
0.441472 41.186322746565693 31.539745331017290 
0.461538 41.956644049703065 31.969740918204579 
0.481605 42.478723487028120 32.197822775499148 
0.501672 42.743587608910957 32.218324589748768 
0.521739 42.744147338379229 32.027096365803530 
0.541806 42.475407696799898 31.621668168501476 
0.561873 41.934692066936606 31.001424716647190 
0.581940 41.121873451563516 30.167785178266143 
0.602007 40.039604632586702 29.124378230269311 
0.622074 38.693538895933756 27.877215061642787 
0.642140 37.092531075578712 26.434836190538473 
0.662207 35.248809241210544 24.808440397946139 
0.682274 33.178106329473422 23.011977440848803 
0.702341 30.899740819936884 21.062199169632294 
0.722408 28.436635503750974 18.978659926503898 
0.742475 25.815263645883121 16.783657827617951 
0.762542 23.065512462666941 14.502109083644502 
0.782609 20.220454883989241 12.161348407460068 
0.802676 17.316022096464497 9.790849834389171 
0.822742 14.390571412973486 7.421863972530590 
0.842809 11.484346613104142 5.086969828915448 
0.862876 8.638831057286355 2.819541926757383 
0.882943 5.895997579630614 0.653136425640717 
0.903010 3.297463366582265 -1.379196657332185 
0.923077 0.883562652934119 -3.245664315919039 
0.943144 -1.307645001337316 -4.916529760318126 
0.963211 -3.241408005327396 -6.364941159285011 
0.983278 -4.887329712974855 -7.567767122533530 
1.003344 -6.220396428239228 -8.506412374213237 
1.023411 -7.221949576213242 -9.167583776377175 
1.043478 -7.880561818446618 -9.543974272142403 
1.063545 -8.192774707172507 -9.634830688271565 
1.083612 -8.163654791622085 -9.446370926647486 
1.103679 -7.807126276775169 -8.992017133935841 
1.123746 -7.146041367824176 -8.292414192054745 
1.143813 -6.211955138792290 -7.375207496158322 
1.163880 -5.044580377964056 -6.274561181623510 
1.183946 -3.690906986803581 -5.030401851021411 
1.204013 -2.203984808318073 -3.687399886554889 
1.224080 -0.641383209261881 -2.293679626761948 
1.244147 0.936642376120403 -0.899304525220044 
1.264214 2.469228902230938 0.445435233417915 
1.284281 3.897163057349291 1.691874124060406 
1.304348 5.165234069944257 2.794893950603588 
1.324415 6.224583128525060 3.714837123869703 
1.344482 7.034938288312908 4.419320081335985 
1.364548 7.566615877274487 4.884850168888161 
1.384615 7.802167203351492 5.098147665119311 
1.404682 7.737553892049199 5.057078437350371 
1.424749 7.382747285171790 4.771112649164270 
1.444816 6.761667478862183 4.261241373338441 
1.464883 5.911405769055100 3.559305902843218 
1.484950 4.880709930666887 2.706723539060576 
1.505017 3.727753665971035 1.752627696889912 
1.525084 2.517257822110270 0.751477781132036 
1.545151 1.317079037255090 -0.239766599384419 
1.565217 0.194428176655537 -1.164774442028675 
1.585284 -0.788077343268873 -1.971108426474935 
1.605351 -1.576290326220370 -2.613432446691380 
1.625418 -2.128082372753139 -3.056450914628889 
1.645485 -2.416302857771141 -3.277365289661323 
1.665552 -2.430901436690153 -3.267644705501017 
1.685619 -2.180002524710454 -3.033935657019892 
1.705686 -1.689776607552971 -2.597980704430167 
1.725753 -1.003027097961980 -1.995476880165555 
1.745819 -0.176503253938435 -1.273878213201176 
1.765886 0.722949946020933 -0.489229185773088 
1.785953 1.623190192330371 0.297798812888364 
1.806020 2.452211735646734 1.026414905877191 
1.826087 3.143819437115874 1.640437799771574 
1.846154 3.643090131642275 2.092875089643329 
1.866221 3.911144830047824 2.349959365231250 
1.886288 3.928772401980506 2.394258658893882 
1.906355 3.698507132125447 2.226526202880792 
1.926421 3.244868906304571 1.866038695085046 
1.946488 2.612621146565465 1.349289961358700 
1.966555 1.863078468619609 0.727050716894345 
1.986622 1.068689183235144 0.059963861391601 
2.006689 0.306309097291475 -0.586996118039980 
2.026756 -0.350248041618366 -1.150728264457340 
2.046823 -0.837672878268177 -1.576294416354770 
2.066890 -1.109862800661132 -1.822653303166669 
2.086957 -1.143107409768913 -1.867204215146295 
2.107023 -0.939102148969234 -1.708579601092118 
2.127090 -0.525322106049504 -1.367271426045158 
2.147157 0.047451484382295 -0.883884341705375 
2.167224 0.710347637253261 -0.315062741337139 
2.187291 1.383929062984537 0.272586455268542 
2.207358 1.987274496975265 0.809989138615036 
2.227425 2.447620397140791 1.233711804501163 
2.247492 2.709411855431298 1.493734755401776 
2.267559 2.741593937132818 1.559908106448872 
2.287625 2.542106905438235 1.426195678183988 
2.307692 2.138831595950336 1.112025814313133 
2.327759 1.586643758941175 0.660394645260738 
2.347826 0.960736281825685 0.132772143407782 
2.367893 0.346895303246018 -0.398691737783029 
2.387960 -0.170102333195048 -0.860763285452001 
2.408027 -0.518442722601358 -1.189282777063875 
2.428094 -0.649880775106092 -1.338477927034024 
2.448161 -0.547364542876851 -1.288031580386010 
2.468227 -0.228362812129663 -1.046726262768023 
2.488294 0.256867742967008 -0.651910666817238 
2.508361 0.832115841793993 -0.164613399593627 
2.528428 1.406390013168504 0.339207104135846 
2.548495 1.887921683611377 0.780138225299543 
2.568562 2.198907285830447 1.087848857407968 
2.588629 2.288615249973492 1.212716016743204 
2.608696 2.142573253784185 1.134569598797764 
2.628763 1.786040880476895 0.866913210582683 
2.648829 1.280821370196414 0.455623977688435 
2.668896 0.715561969479627 -0.027985229446008 
2.688963 0.190864554057383 -0.498873003119833 
2.709030 -0.198430110460916 -0.872956372101384 
2.729097 -0.380718449799634 -1.082306436967323 
2.749164 -0.321610806828169 -1.088094256115313 
2.769231 -0.031557957087058 -0.888733482219080 
2.789298 0.434725372604712 -0.521378261041293 
2.809365 0.987439778058146 -0.056070898377401 
2.829431 1.518212504011749 0.416784487309345 
2.849498 1.921100859627358 0.803569103924882 
2.869565 2.114111856752946 1.026072771753513 
2.889632 2.056844543105201 1.037899497668871 
2.909699 1.760328613971216 0.835128816376039 
2.929766 1.286480885473757 0.458633185207526 
2.949833 0.736632814979500 -0.012978287676984 
2.969900 0.230924012932227 -0.478878307587689 
2.989967 -0.117480804913585 -0.837166570379065 
3.010033 -0.227919771949022 -1.007332098121612 
3.030100 -0.071702143434149 -0.949082682879919 
3.050167 0.319353080920369 -0.673022755236120 
3.070234 0.858014135632167 -0.240180730270029 
3.090301 1.420064520058899 0.250244927459335 
3.110368 1.872536423279689 0.682808707209576 
3.130435 2.105558138896612 0.952803673988905 
3.150502 2.060235319086599 0.992096926672677 
3.170569 1.745361961596454 0.787379927471547 
3.190635 1.237994202493138 0.385768008735641 
3.210702 0.666644472377503 -0.114530730092777 
3.230769 0.180255600865334 -0.587118222386402 
3.250836 -0.089895108969005 -0.908887901446326 
3.270903 -0.065745324113207 -0.992424261454766 
3.290970 0.254273895166248 -0.810779619362411 
3.311037 0.791417375930074 -0.407429276832260 
3.331104 1.404679773377429 0.112352954448261 
3.351171 1.927234536156811 0.607642049674708 
3.371237 2.212280877314351 0.939488301198317 
3.391304 2.175874682267417 1.010220811457332 
3.411371 1.824144924001558 0.793313359044928 
3.431438 1.255805462258259 0.344485653422475 
3.451505 0.637424946381400 -0.210582355682708 
3.471572 0.156875343121344 -0.710002753008987 
3.491639 -0.032530157325761 -1.002367187035732 
3.511706 0.139238408362067 -0.993169829076998 
3.531773 0.632993512959823 -0.676698947105271 
3.551839 1.307033087584897 -0.142401651883781 
3.571906 1.956807276737390 0.448210445377955 
3.591973 2.377300451251063 0.909022441386079 
3.612040 2.429587453858903 1.087761584474851 
3.632107 2.090010362620714 0.917280377229174 
3.652174 1.464291185931635 0.442267037282468 
3.672241 0.759117298424753 -0.189412127762337 
3.692308 0.217537835778436 -0.770606363819243 
3.712375 0.037530390244905 -1.101878527161863 
3.732441 0.300702693113861 -1.060425439508923 
3.752508 0.936980802806297 -0.647134369754934 
3.772575 1.740703046355112 0.006508318658053 
3.792642 2.436480703887726 0.677360127754109 
3.812709 2.774957973158088 1.125179802479161 
3.832776 2.625785809922423 1.178678695489142 
3.852843 2.033114824660795 0.802471111320266 
3.872910 1.209722578741864 0.118535039262483 
3.892977 0.466902017730121 -0.629651481370408 
3.913043 0.101565115927923 -1.161548697042376 
3.933110 0.280611171594770 -1.264396575189802 
3.953177 0.967499156380952 -0.879698007062430 
3.973244 1.923601022074623 -0.136018610704727 
3.993311 2.790207084605339 0.689456744746440 
4.013378 3.225104979538306 1.271475418284069 
4.033445 3.042887030143564 1.364333404107462 
4.053512 2.301631880992703 0.907057709528643 
4.073579 1.295251457851700 0.060984201463555 
4.093645 0.446367055724623 -0.841865134934280 
4.113712 0.136237325707460 -1.425963783551915 
4.133779 0.538859039597119 -1.428023334866727 
4.153846 1.531294440919489 -0.817346019682229 
4.173913 2.726266016058418 0.174360087633012 
4.193980 3.623821308468366 1.134995092954735 
4.214047 3.825536060899010 1.640167268998944 
4.234114 3.220820773885759 1.440700164077300 
4.254181 2.058241857399318 0.587283435101360 
4.274247 0.858436463605200 -0.570082646445743 
4.294314 0.193952554670708 -1.519444177353193 
4.314381 0.426134008529093 -1.810701156309678 
4.334448 1.518893952722783 -1.269904818116209 
4.354515 3.025304683497684 -0.102373629573259 
4.374582 4.270132168119115 1.175093114199180 
4.394649 4.658936458688921 1.957117335308385 
4.414716 3.974994272672006 1.835236834515292 
4.434783 2.516340011739996 0.812887076839805 
4.454849 0.988853694243134 -0.662992681066822 
4.474916 0.184817308649394 -1.887778114622047 
4.494983 0.588432178137255 -2.231118486410233 
4.515050 2.102776160125083 -1.461883259163817 
4.535117 4.051491524303461 0.100503699331761 
4.555184 5.482374353277086 1.704088965006112 
4.575251 5.644321750401775 2.518218053650922 
4.595318 4.402657721734445 2.062121446831491 
4.615385 2.364259209165734 0.489364863496575 
4.635452 0.614598862195235 -1.438756519153936 
4.655518 0.169004557062400 -2.709423031041654 
4.675585 1.409200674112064 -2.585719423091464 
4.695652 3.815660344392668 -1.034720928795946 
4.715719 6.177003252446632 1.190928001997798 
4.735786 7.209879968521554 2.900904773928028 
4.755853 6.281572810064195 3.095814369262895 
4.775920 3.832346915884535 1.550986439197637 
4.795987 1.220457237154106 -0.983154315422800 
4.816054 0.016408184091133 -3.122127883578937 
4.836120 1.100146893894032 -3.591967603007618 
4.856187 4.074318756460301 -1.986150935263879 
4.876254 7.379812663644016 0.911074432841899 
4.896321 9.123364958546619 3.476840491227244 
4.916388 8.195306879146331 4.142772252440976 
4.936455 5.025847215546017 2.350100401295952 
4.956522 1.471154310325483 -1.009428371322614 
4.976589 -0.200535795932825 -3.998046809847745 
4.996656 1.308946158615998 -4.729505248493479 
5.016722 5.408920964276348 -2.554229300561122 
5.036789 9.805152709228469 1.405191550312569 
5.056856 11.800832478361743 4.785894389556337 
5.076923 10.002839095402805 5.370633464821211 
5.096990 5.366996697014578 2.534910474676995 
5.117057 0.814314879017810 -2.179624672298806 
5.137124 -0.500249663172311 -5.848053543913443 
5.157191 2.727400218949880 -5.949276025541375 
5.177258 8.874366714904255 -2.089350617085769 
5.197324 14.178811979998766 3.504626556346303 
5.217391 15.083695772299436 7.207378465573713 
5.237458 10.712921031566005 6.315263406451611 
5.257525 3.774770339735953 1.005960972642640 
5.277592 -0.938617440452123 -5.465236179594519 
5.297659 0.298890860624852 -8.693719535295749 
5.317726 7.378663285325636 -6.093610401819288 
5.337793 16.002985416569768 1.064409739995525 
5.357860 20.312247985326788 8.120902890508484 
5.377926 16.968588509632944 9.990145794018774 
5.397993 7.892449756346805 4.795911034161484 
5.418060 -0.545295396087438 -4.385961370935884 
5.438127 -1.741593553248568 -11.210192619140901 
5.458194 6.219729558706296 -10.377792837484833 
5.478261 18.568405860073643 -1.714592393582510 
5.498328 26.679212315578802 9.086373745641934 
5.518395 24.215877249410710 14.071241382754350 
5.538462 12.295129252555514 8.818808917012563 
5.558528 -0.475886220017632 -3.733031800624257 
5.578595 -3.819454933171227 -14.659663226091995 
5.598662 6.318471948955699 -15.267687221277788 
5.618729 23.781310861091946 -3.947524207381740 
5.638796 35.853702515034442 11.670131134262222 
5.658863 32.678420539342873 19.629249284572413 
5.678930 15.610193819672567 12.688264038632573 
5.698997 -2.467115793143130 -5.233202834916407 
5.719064 -6.261665765841009 -20.813407476781197 
5.739130 9.575060266682264 -21.026040040449633 
5.759197 34.705159938276722 -3.918927965008366 
5.779264 49.745492574946056 18.321864867095723 
5.799331 41.471839956466710 27.705442337189233 
5.819398 14.887590370354324 14.813954246986532 
5.839465 -8.648725913117982 -12.077728429880800 
5.859532 -7.672556358335159 -31.700614886374403 
5.879599 20.755375909793237 -26.318835846016757 
5.899666 55.982566138361072 2.452201022664642 
5.919732 68.752873212455341 32.421990196088636 
5.939799 45.970296177841661 37.465146637950262 
5.959866 4.606955904424133 10.037089212476044 
5.979933 -19.390485506345446 -29.552256633785717 
6.000000 -0.972041857781928 -47.426617876274271 
